%YAML:1.0
---
NUMBER_1:
   - [ 197, 33 ]
   - [ 196, 34 ]
   - [ 195, 34 ]
   - [ 195, 35 ]
   - [ 194, 36 ]
   - [ 194, 39 ]
   - [ 192, 41 ]
   - [ 191, 41 ]
   - [ 191, 43 ]
   - [ 190, 44 ]
   - [ 190, 46 ]
   - [ 189, 47 ]
   - [ 185, 47 ]
   - [ 184, 48 ]
   - [ 182, 48 ]
   - [ 182, 50 ]
   - [ 181, 51 ]
   - [ 181, 53 ]
   - [ 180, 54 ]
   - [ 177, 54 ]
   - [ 176, 55 ]
   - [ 174, 55 ]
   - [ 174, 57 ]
   - [ 173, 58 ]
   - [ 173, 60 ]
   - [ 172, 61 ]
   - [ 167, 61 ]
   - [ 166, 62 ]
   - [ 165, 62 ]
   - [ 164, 63 ]
   - [ 161, 63 ]
   - [ 160, 64 ]
   - [ 159, 64 ]
   - [ 159, 65 ]
   - [ 158, 66 ]
   - [ 158, 68 ]
   - [ 155, 71 ]
   - [ 155, 72 ]
   - [ 154, 73 ]
   - [ 154, 74 ]
   - [ 153, 75 ]
   - [ 151, 75 ]
   - [ 150, 76 ]
   - [ 148, 76 ]
   - [ 148, 78 ]
   - [ 147, 79 ]
   - [ 147, 81 ]
   - [ 145, 83 ]
   - [ 144, 83 ]
   - [ 144, 85 ]
   - [ 143, 86 ]
   - [ 143, 116 ]
   - [ 144, 117 ]
   - [ 144, 119 ]
   - [ 175, 119 ]
   - [ 177, 121 ]
   - [ 177, 122 ]
   - [ 178, 123 ]
   - [ 178, 125 ]
   - [ 179, 125 ]
   - [ 181, 127 ]
   - [ 181, 195 ]
   - [ 180, 196 ]
   - [ 180, 197 ]
   - [ 179, 198 ]
   - [ 179, 212 ]
   - [ 180, 213 ]
   - [ 180, 214 ]
   - [ 181, 215 ]
   - [ 181, 226 ]
   - [ 179, 228 ]
   - [ 178, 228 ]
   - [ 178, 230 ]
   - [ 177, 231 ]
   - [ 177, 275 ]
   - [ 174, 278 ]
   - [ 174, 280 ]
   - [ 173, 281 ]
   - [ 173, 288 ]
   - [ 174, 289 ]
   - [ 174, 291 ]
   - [ 177, 294 ]
   - [ 177, 323 ]
   - [ 178, 324 ]
   - [ 178, 326 ]
   - [ 200, 326 ]
   - [ 201, 325 ]
   - [ 204, 325 ]
   - [ 204, 321 ]
   - [ 207, 318 ]
   - [ 208, 318 ]
   - [ 208, 252 ]
   - [ 212, 248 ]
   - [ 212, 215 ]
   - [ 213, 214 ]
   - [ 213, 213 ]
   - [ 214, 212 ]
   - [ 214, 189 ]
   - [ 215, 188 ]
   - [ 215, 187 ]
   - [ 216, 186 ]
   - [ 216, 112 ]
   - [ 219, 109 ]
   - [ 219, 100 ]
   - [ 220, 99 ]
   - [ 220, 98 ]
   - [ 221, 97 ]
   - [ 221, 55 ]
   - [ 219, 55 ]
   - [ 216, 52 ]
   - [ 216, 34 ]
   - [ 214, 34 ]
   - [ 213, 33 ]
NUMBER_2:
   - [ 181, 30 ]
   - [ 180, 31 ]
   - [ 171, 31 ]
   - [ 170, 32 ]
   - [ 165, 32 ]
   - [ 164, 33 ]
   - [ 158, 33 ]
   - [ 157, 34 ]
   - [ 155, 34 ]
   - [ 154, 35 ]
   - [ 150, 35 ]
   - [ 149, 36 ]
   - [ 146, 36 ]
   - [ 145, 37 ]
   - [ 144, 37 ]
   - [ 143, 38 ]
   - [ 140, 38 ]
   - [ 139, 39 ]
   - [ 136, 39 ]
   - [ 135, 40 ]
   - [ 133, 40 ]
   - [ 132, 41 ]
   - [ 131, 41 ]
   - [ 130, 42 ]
   - [ 128, 42 ]
   - [ 127, 43 ]
   - [ 126, 43 ]
   - [ 125, 44 ]
   - [ 124, 44 ]
   - [ 123, 45 ]
   - [ 121, 45 ]
   - [ 120, 46 ]
   - [ 119, 46 ]
   - [ 118, 47 ]
   - [ 117, 47 ]
   - [ 116, 48 ]
   - [ 115, 48 ]
   - [ 114, 49 ]
   - [ 113, 49 ]
   - [ 112, 50 ]
   - [ 111, 50 ]
   - [ 109, 52 ]
   - [ 108, 52 ]
   - [ 107, 53 ]
   - [ 106, 53 ]
   - [ 104, 55 ]
   - [ 103, 55 ]
   - [ 102, 56 ]
   - [ 101, 56 ]
   - [ 100, 57 ]
   - [ 99, 57 ]
   - [ 97, 59 ]
   - [ 96, 59 ]
   - [ 94, 61 ]
   - [ 94, 112 ]
   - [ 95, 113 ]
   - [ 95, 117 ]
   - [ 94, 118 ]
   - [ 94, 127 ]
   - [ 97, 127 ]
   - [ 102, 122 ]
   - [ 103, 122 ]
   - [ 107, 118 ]
   - [ 108, 118 ]
   - [ 111, 115 ]
   - [ 112, 115 ]
   - [ 114, 113 ]
   - [ 115, 113 ]
   - [ 118, 110 ]
   - [ 119, 110 ]
   - [ 120, 109 ]
   - [ 121, 109 ]
   - [ 123, 107 ]
   - [ 125, 107 ]
   - [ 126, 106 ]
   - [ 127, 106 ]
   - [ 129, 104 ]
   - [ 130, 104 ]
   - [ 131, 103 ]
   - [ 132, 103 ]
   - [ 133, 102 ]
   - [ 135, 102 ]
   - [ 137, 100 ]
   - [ 141, 100 ]
   - [ 142, 99 ]
   - [ 144, 99 ]
   - [ 146, 97 ]
   - [ 147, 97 ]
   - [ 148, 96 ]
   - [ 150, 96 ]
   - [ 151, 95 ]
   - [ 155, 95 ]
   - [ 156, 94 ]
   - [ 158, 94 ]
   - [ 159, 93 ]
   - [ 165, 93 ]
   - [ 166, 92 ]
   - [ 194, 92 ]
   - [ 196, 94 ]
   - [ 199, 94 ]
   - [ 200, 95 ]
   - [ 206, 95 ]
   - [ 208, 97 ]
   - [ 211, 97 ]
   - [ 213, 99 ]
   - [ 214, 99 ]
   - [ 216, 101 ]
   - [ 217, 101 ]
   - [ 224, 108 ]
   - [ 224, 109 ]
   - [ 226, 111 ]
   - [ 226, 112 ]
   - [ 227, 113 ]
   - [ 227, 114 ]
   - [ 228, 115 ]
   - [ 228, 116 ]
   - [ 229, 117 ]
   - [ 229, 119 ]
   - [ 230, 120 ]
   - [ 230, 124 ]
   - [ 231, 125 ]
   - [ 231, 133 ]
   - [ 232, 134 ]
   - [ 232, 138 ]
   - [ 231, 139 ]
   - [ 231, 147 ]
   - [ 230, 148 ]
   - [ 230, 151 ]
   - [ 229, 152 ]
   - [ 229, 156 ]
   - [ 228, 157 ]
   - [ 228, 158 ]
   - [ 227, 159 ]
   - [ 227, 162 ]
   - [ 225, 164 ]
   - [ 225, 165 ]
   - [ 224, 166 ]
   - [ 224, 167 ]
   - [ 223, 168 ]
   - [ 223, 169 ]
   - [ 222, 170 ]
   - [ 222, 171 ]
   - [ 221, 172 ]
   - [ 221, 173 ]
   - [ 218, 176 ]
   - [ 218, 177 ]
   - [ 214, 181 ]
   - [ 214, 182 ]
   - [ 206, 190 ]
   - [ 206, 191 ]
   - [ 201, 196 ]
   - [ 200, 196 ]
   - [ 192, 204 ]
   - [ 191, 204 ]
   - [ 186, 209 ]
   - [ 185, 209 ]
   - [ 182, 212 ]
   - [ 181, 212 ]
   - [ 177, 216 ]
   - [ 176, 216 ]
   - [ 172, 220 ]
   - [ 171, 220 ]
   - [ 168, 223 ]
   - [ 167, 223 ]
   - [ 165, 225 ]
   - [ 164, 225 ]
   - [ 162, 227 ]
   - [ 161, 227 ]
   - [ 158, 230 ]
   - [ 157, 230 ]
   - [ 154, 233 ]
   - [ 153, 233 ]
   - [ 150, 236 ]
   - [ 149, 236 ]
   - [ 145, 240 ]
   - [ 144, 240 ]
   - [ 140, 244 ]
   - [ 139, 244 ]
   - [ 135, 248 ]
   - [ 134, 248 ]
   - [ 126, 256 ]
   - [ 125, 256 ]
   - [ 116, 265 ]
   - [ 116, 266 ]
   - [ 110, 272 ]
   - [ 110, 273 ]
   - [ 106, 277 ]
   - [ 106, 278 ]
   - [ 103, 281 ]
   - [ 103, 282 ]
   - [ 101, 284 ]
   - [ 101, 285 ]
   - [ 99, 287 ]
   - [ 99, 288 ]
   - [ 98, 289 ]
   - [ 98, 290 ]
   - [ 96, 292 ]
   - [ 96, 293 ]
   - [ 94, 295 ]
   - [ 94, 296 ]
   - [ 93, 297 ]
   - [ 93, 298 ]
   - [ 92, 299 ]
   - [ 92, 300 ]
   - [ 91, 301 ]
   - [ 91, 302 ]
   - [ 90, 303 ]
   - [ 90, 304 ]
   - [ 89, 305 ]
   - [ 89, 306 ]
   - [ 88, 307 ]
   - [ 88, 309 ]
   - [ 87, 310 ]
   - [ 87, 311 ]
   - [ 86, 312 ]
   - [ 86, 314 ]
   - [ 85, 315 ]
   - [ 85, 317 ]
   - [ 84, 318 ]
   - [ 84, 320 ]
   - [ 83, 321 ]
   - [ 83, 323 ]
   - [ 82, 324 ]
   - [ 82, 327 ]
   - [ 81, 328 ]
   - [ 81, 331 ]
   - [ 80, 332 ]
   - [ 80, 338 ]
   - [ 79, 339 ]
   - [ 79, 345 ]
   - [ 78, 346 ]
   - [ 78, 350 ]
   - [ 77, 351 ]
   - [ 77, 352 ]
   - [ 78, 353 ]
   - [ 78, 382 ]
   - [ 79, 383 ]
   - [ 82, 383 ]
   - [ 83, 384 ]
   - [ 308, 384 ]
   - [ 309, 383 ]
   - [ 309, 324 ]
   - [ 308, 323 ]
   - [ 307, 324 ]
   - [ 306, 323 ]
   - [ 302, 323 ]
   - [ 301, 324 ]
   - [ 298, 324 ]
   - [ 297, 323 ]
   - [ 284, 323 ]
   - [ 283, 324 ]
   - [ 222, 324 ]
   - [ 221, 323 ]
   - [ 220, 324 ]
   - [ 219, 324 ]
   - [ 218, 323 ]
   - [ 206, 323 ]
   - [ 205, 322 ]
   - [ 204, 323 ]
   - [ 193, 323 ]
   - [ 192, 322 ]
   - [ 179, 322 ]
   - [ 178, 323 ]
   - [ 164, 323 ]
   - [ 162, 321 ]
   - [ 162, 318 ]
   - [ 163, 317 ]
   - [ 163, 314 ]
   - [ 164, 313 ]
   - [ 164, 312 ]
   - [ 165, 311 ]
   - [ 165, 310 ]
   - [ 168, 307 ]
   - [ 168, 306 ]
   - [ 170, 304 ]
   - [ 170, 303 ]
   - [ 174, 299 ]
   - [ 175, 299 ]
   - [ 175, 298 ]
   - [ 181, 292 ]
   - [ 182, 292 ]
   - [ 190, 284 ]
   - [ 191, 284 ]
   - [ 194, 281 ]
   - [ 195, 281 ]
   - [ 201, 275 ]
   - [ 202, 275 ]
   - [ 204, 273 ]
   - [ 205, 273 ]
   - [ 208, 270 ]
   - [ 209, 270 ]
   - [ 213, 266 ]
   - [ 214, 266 ]
   - [ 217, 263 ]
   - [ 218, 263 ]
   - [ 220, 261 ]
   - [ 221, 261 ]
   - [ 223, 259 ]
   - [ 224, 259 ]
   - [ 227, 256 ]
   - [ 228, 256 ]
   - [ 231, 253 ]
   - [ 232, 253 ]
   - [ 235, 250 ]
   - [ 236, 250 ]
   - [ 238, 248 ]
   - [ 239, 248 ]
   - [ 244, 243 ]
   - [ 245, 243 ]
   - [ 249, 239 ]
   - [ 250, 239 ]
   - [ 258, 231 ]
   - [ 259, 231 ]
   - [ 274, 216 ]
   - [ 274, 215 ]
   - [ 279, 210 ]
